  0        0 4.3
  0        0 4.3
  1   100000 1.7
  2   200000 4.3
  3   300000 9.7
  4   400000 10.0
  5   500000 7.3
  6   600000 13.7
  7   700000 13.7
  8   800000 9.3
  9   900000 24.0
 10  1000000 18.7
 11  1100000 25.0
 12  1200000 31.3
 13  1300000 37.3
 14  1400000 24.3
 15  1500000 37.7
 16  1600000 25.0
 17  1700000 32.3
 18  1800000 34.0
 19  1900000 37.3
 20  2000000 40.0
 21  2100000 31.7
 22  2200000 46.0
 23  2300000 36.7
 24  2400000 37.3
 25  2500000 43.7
 26  2600000 66.7
 27  2700000 57.3
 28  2800000 48.0
 29  2900000 58.7
 30  3000000 105.3
 31  3100000 72.0
 32  3200000 144.0
 33  3300000 62.0
 34  3400000 70.0
 35  3500000 77.7
 36  3600000 73.3
 37  3700000 112.3
 38  3800000 77.7
 39  3900000 60.7
 40  4000000 82.0
 41  4100000 171.0
 42  4200000 104.7
 43  4300000 67.7
 44  4400000 92.3
 45  4500000 88.7
 46  4600000 85.3
 47  4700000 152.0
 48  4800000 82.3
 49  4900000 118.7
 50  5000000 85.7
 51  5100000 165.0
 52  5200000 86.0
 53  5300000 95.0
 54  5400000 127.7
 55  5500000 87.3
 56  5600000 71.3
 57  5700000 110.7
 58  5800000 127.0
 59  5900000 113.7
 60  6000000 32.3
 61  6100000 21.7
 62  6200000 143.0
 63  6300000 60.3
 64  6400000 125.0
 65  6500000 141.7
 66  6600000 49.7
 67  6700000 216.3
 68  6800000 40.0
 69  6900000 116.0
 70  7000000 180.0
 71  7100000 64.0
 72  7200000 50.3
 73  7300000 92.3
 74  7400000 108.3
 75  7500000 80.0
 76  7600000 55.3
 77  7700000 105.0
 78  7800000 156.3
 79  7900000 185.3
 80  8000000 97.7
 81  8100000 115.3
 82  8200000 124.7
 83  8300000 90.7
 84  8400000 69.7
 85  8500000 46.3
 86  8600000 61.0
 87  8700000 78.7
 88  8800000 100.0
 89  8900000 168.3
 90  9000000 55.7
 91  9100000 173.3
 92  9200000 117.0
 93  9300000 220.7
 94  9400000 68.3
 95  9500000 56.0
 96  9600000 82.0
 97  9700000 198.7
 98  9800000 30.7
 99  9900000 141.3
100 10000000 61.7
101 10100000 85.7
102 10200000 77.7
103 10300000 107.3
104 10400000 88.7
105 10500000 82.3
106 10600000 225.7
107 10700000 200.3
108 10800000 168.0
109 10900000 159.0
110 11000000 94.7
111 11100000 150.7
112 11200000 61.7
113 11300000 66.0
114 11400000 94.3
115 11500000 48.3
116 11600000 144.0
117 11700000 125.0
118 11800000 112.7
119 11900000 224.0
120 12000000 93.0
121 12100000 126.7
122 12200000 48.0
123 12300000 83.7
124 12400000 198.7
125 12500000 65.3