  0        0 4.3
  1   100000 2.7
  2   200000 5.0
  3   300000 7.7
  4   400000 4.7
  5   500000 11.7
  6   600000 11.3
  7   700000 7.3
  8   800000 13.3
  9   900000 15.3
 10  1000000 20.7
 11  1100000 31.7
 12  1200000 44.0
 13  1300000 38.3
 14  1400000 42.7
 15  1500000 50.7
 16  1600000 51.0
 17  1700000 37.0
 18  1800000 43.7
 19  1900000 51.0
 20  2000000 47.7
 21  2100000 65.0
 22  2200000 61.7
 23  2300000 57.3
 24  2400000 63.0
 25  2500000 69.7
 26  2600000 63.7
 27  2700000 65.7
 28  2800000 52.3
 29  2900000 50.0
 30  3000000 62.0
 31  3100000 42.0
 32  3200000 56.7
 33  3300000 124.3
 34  3400000 193.3
 35  3500000 91.0
 36  3600000 104.3
 37  3700000 96.7
 38  3800000 103.7
 39  3900000 96.0
 40  4000000 60.7
 41  4100000 122.0
 42  4200000 126.3
 43  4300000 79.7
 44  4400000 141.0
 45  4500000 25.3
 46  4600000 62.7
 47  4700000 59.0
 48  4800000 160.3
 49  4900000 69.0
 50  5000000 70.0
 51  5100000 86.7
 52  5200000 132.7
 53  5300000 43.3
 54  5400000 38.0
 55  5500000 58.0
 56  5600000 123.3
 57  5700000 120.3
 58  5800000 137.7
 59  5900000 20.7
 60  6000000 107.7
 61  6100000 118.0
 62  6200000 54.7
 63  6300000 71.0
 64  6400000 64.7
 65  6500000 48.7
 66  6600000 217.7
 67  6700000 152.0
 68  6800000 69.7
 69  6900000 148.7
 70  7000000 142.7
 71  7100000 67.0
 72  7200000 159.0
 73  7300000 43.0
 74  7400000 58.3
 10  1000000 141.7
 11  1100000 163.0
 12  1200000 147.0
 13  1300000 235.0
 14  1400000 219.7
 15  1500000 42.7
 16  1600000 191.0
 17  1700000 124.7
 18  1800000 290.0
 19  1900000 46.0
 20  2000000 202.3
 21  2100000 129.0
 22  2200000 91.0
 23  2300000 92.0
 24  2400000 260.7
 25  2500000 236.0
 26  2600000 31.0
 27  2700000 265.0
 28  2800000 177.3
 29  2900000 151.3
 30  3000000 195.0
 31  3100000 148.3
 32  3200000 169.3
 33  3300000 42.3
 34  3400000 31.7
 35  3500000 182.0
 36  3600000 18.0
 37  3700000 158.7
 38  3800000 168.7
 39  3900000 27.3
 40  4000000 54.0
 41  4100000 294.7
 42  4200000 120.0
 43  4300000 107.3
 44  4400000 37.7
 45  4500000 71.3
10  1000000 221.7
 11  1100000 99.7
 12  1200000 283.0
 13  1300000 9.0
 14  1400000 244.0
 15  1500000 65.3
 16  1600000 60.7
 17  1700000 118.7
 18  1800000 151.3
 19  1900000 238.0
 20  2000000 205.3
 21  2100000 184.7
 22  2200000 21.0
 23  2300000 140.7
 24  2400000 41.7
 25  2500000 195.0